3.286016 12.34646 12.70192 5.501764 13.89847
6.348882 18.16257 6.082881 6.910379 1.45178
10.46099 17.93543 9.235367 10.12994 15.60853
5.948177 10.97062 6.831293 10.03544 9.735684
2.381267 10.08074 10.06984 15.37117 18.60511
61.90721 6.869637 13.31867 9.507908 4.866219
6.815535 4.324095 3.653559 6.638971 15.1234
11.19217 5.008511 4.11082 34.80806 9.946299
12.5703 8.674569 21.61112 12.52074 10.0488
7.038664 12.43155 11.2091 11.41692 5.433827
5.537967 42.77156 11.00425 11.39888 5.369058
8.808892 7.053382 14.26719 7.354996 11.11277
6.685715 11.88591 25.70088 18.33555 6.8027
34.60526 20.19814 17.58628 14.87402 12.67838
10.50941 15.84404 14.86275 8.358388 11.21565
4.666565 23.33452 14.06987 18.68437 13.32607
16.90686 10.15875 16.74055 3.136872 5.149893
9.815061 5.704284 29.84844 16.01091 27.05877
10.57412 6.033609 11.1543 42.85239 6.080594
8.779109 15.00866 9.247969 17.547 8.514397
