2.408607 4.662935 166.9036 8.508084 9.569447
228.1789 18.57529 0.5885329 1.870666 3.030344
85.46984 15.17467 16.47004 9.219911 2.431037
263.4402 19.99937 0.1446795 30.04547 2.870302
0.8731504 4.778134 0.9493204 1.719816 2.116834
0.2532479 39.47131 10.0417 0.7586051 90.70657
17.33848 4.09537 44.26752 42.7884 38.21248
29.29101 22.37256 6.528496 4.007128 3.45236
1.84151 4.875221 0.5881386 565.614 82.75827
0.7817524 3.301016 2.905743 35.16074 6.254254
12.26362 6.979006 6.781912 114.1148 4.704211
153.3835 0.3337024 23.7891 9.466019 11.38029
