6.507561 6.39549 3.755621 5.334583 6.521705
6.83345 0.8657308 3.307108 3.903291 6.270478
3.906516 3.035628 10.19307 3.741207 2.647258
2.887677 5.129119 1.630736 3.942737 0.4513046
4.909428 2.27226 3.456685 1.040987 9.924026
0.503427 1.733545 10.19276 3.014976 10.972
11.60455 7.638528 3.483824 1.550008 1.747117
0.1094845 3.654648 4.031019 3.807172 2.948797
3.132496 5.347845 1.454891 1.448362 6.52808
2.546923 1.181711 0.7186823 2.187617 1.593993
7.668855 11.64128 1.456073 5.100227 0.258
5.585547 5.625731 4.496416 4.105176 2.726795
